index,year,CountryCode,Country,PetrolTax,GHGEmissions,Population_density,Land_area,Density_raillines,Oil_price,Oil_consumption,GDP,GHGEmissions_log,Land_area_log,Oil_consumption_log,GDP_standardized,Population_density_standardize,PetrolTaxDiff,Land_area_standardize_log,Oil_consumption_standardize_log,Density_raillines_standardize
0,2010,AUS,Australia,0.2895981,88652.75,2.862599,7682300.0,0.11214594587558,82.6,519.30676,42823.915178,11.3924823318898,15.854429539455587,6.252494768289136,0.0413856089759902,-1.033815642150088,NaN,2.223592011205172,0.6039178625041419,-1.4805725589035497
1,2011,AUS,Australia,0.2803362,91270.55,2.906523,7682300.0,0.11493060671934,115.66,547.0603,44460.605016,11.421583451569242,15.854429539455587,6.30455903400622,0.1388314169459301,-1.0334943669990209,-0.0092619,2.223592011205172,0.6398936284262264,-1.4797595085177868
2,2012,AUS,Australia,0.2754801,91810.4,2.954916,7682300.0,NaN,117.78,561.41907,43911.683304,11.42748085995213,15.854429539455587,6.330467632000665,0.1061495254255143,-1.033140404054262,-0.0048560999999999,2.223592011205172,0.6577961503187356,NaN
3,2013,AUS,Australia,0.2688926,93157.12,3.004645,7682300.0,NaN,114.19,578.03705,47796.022174,11.442042808964809,15.854429539455587,6.359637966964059,0.3374166420337092,-1.0327766691488025,-0.0065875,2.223592011205172,0.6779524922561101,NaN
4,2014,AUS,Australia,0.2632259,93120.28,3.0511594,7682300.0,NaN,107.05,575.4282,47648.633963,11.441647269833595,15.854429539455587,6.355114459301302,0.3286413915417228,-1.032436446926628,-0.0056666999999999,2.223592011205172,0.6748268042130595,NaN
5,2015,AUS,Australia,0.2649112,95256.06,3.0967472,7682300.0,NaN,57.9,570.5786,47266.591718,11.464323913012397,15.854429539455587,6.34665093369474,0.3058952276820101,-1.0321030021736042,0.0016853,2.223592011205172,0.6689786123312839,NaN
6,2016,AUS,Australia,0.2649201,96247.37,3.1455595,7692020.0,NaN,46.87,571.723,50152.476571,11.47467692710138,15.855693985791431,6.348654608351012,0.4777160422796237,-1.0317459723253113,8.89999999997837e-06,2.224323365197928,0.6703631268236185,NaN
7,2017,AUS,Australia,0.2641272,97873.73,3.1968634,7692020.0,NaN,56.99,599.5797,50758.582318,11.491433457474564,15.855693985791431,6.396228909751383,0.5138025767349316,-1.0313707180628846,-0.0007928999999999,2.224323365197928,0.7032363827413494,NaN
8,2018,AUS,Australia,0.2646532,100147.87,3.2474213,7692020.0,0.11950046931755,76.03,610.1112,53118.792237,11.514403072769944,15.855693985791431,6.413641235635595,0.6543255745539122,-1.031000920299472,0.0005259999999999,2.224323365197928,0.715268085321645,-1.4784252244678342
9,2019,AUS,Australia,0.264582,100204.51,3.2965553,7692020.0,0.1183174250717,70.21,604.19446,52921.968891,11.514968476600025,15.855693985791431,6.403896099761247,0.642607037826297,-1.0306415374274085,-7.119999999999349e-05,2.224323365197928,0.7085343165405863,-1.4787706434019272
10,2010,BEL,Belgium,0.8334149,26707.87,359.2453,30280.0,11.829590488771,79.65,374.98312,39837.995894,10.19271355751047,10.318242707551384,5.926881011623947,-0.1363910903147919,1.5728892595307775,NaN,-0.9785307119013961,0.37892276981519407,1.9406242547415578
11,2011,BEL,Belgium,0.8049821,26304.24,361.81445,30280.0,11.846103038309,110.5,350.51743,40942.230717,10.177485421901874,10.318242707551384,5.859410434196832,-0.0706467739406723,1.5916809008740915,-0.0284327999999999,-0.9785307119013961,0.3323014323831889,1.9454455006760063
12,2012,BEL,Belgium,0.7827546,25483.1,364.3045,30280.0,11.862615587847,110.83,337.58096,42290.858433,10.145770766335865,10.318242707551384,5.821805363027104,0.009648291370459,1.6098939777777048,-0.0222275,-0.9785307119013961,0.3063167916847697,1.9502667466104548
13,2013,BEL,Belgium,0.7741377,24995.69,366.68625,30280.0,11.9270145310435,108.45,345.84137,43671.146878,10.12645868898775,10.318242707551384,5.845980201720949,0.0918283841600355,1.6273149114598318,-0.0086168999999999,-0.9785307119013961,0.32302130726902667,1.9690696057543087
14,2014,BEL,Belgium,0.7715145,25243.3,369.11252,30280.0,11.99141347424,98.49,338.91125,44929.532494,10.136316052958232,10.318242707551384,5.825738273694973,0.1667505839817898,1.645061479640764,-0.0026232,-0.9785307119013961,0.3090343844834192,1.987872464898162
15,2015,BEL,Belgium,0.7676772,26918.59,371.4764,30280.0,11.91215323646,51.65,348.0553,46200.86629,10.200572404972355,10.318242707551384,5.852361375195906,0.2424436970410711,1.6623517060341753,-0.0038373,-0.9785307119013961,0.32743061949270635,1.9647304844135092
16,2016,BEL,Belgium,0.7545156,26633.73,373.73965,30280.0,11.895640686922,42.06,352.98425,48597.487117,10.18993373659237,10.318242707551384,5.866423438374164,0.3851345401454569,1.678905890208028,-0.0131615999999999,-0.9785307119013961,0.337147331834941,1.9599092384790604
17,2010,CZE,Czech Republic,1.066954,16795.0,135.55634,77230.0,12.260582675126,79.04,106.87343,27766.983552,9.728836502046391,11.25454326156331,4.671645237090544,-0.8550792151941422,-0.0632482601854081,NaN,-0.4369757805575013,-0.4884296796945646,2.066463049136168
18,2011,CZE,Czech Republic,1.046883,16621.82,135.96605,77230.0,12.262281496828,110.42,108.28204,28999.754757,9.71847156903256,11.25454326156331,4.684739304612958,-0.781682055069964,-0.060251501189332,-0.0200709999999999,-0.4369757805575013,-0.47938184042003973,2.0669590620144502
19,2012,CZE,Czech Republic,1.013561,16333.54,136.15628,77230.0,12.259827787129,112.33,106.93589,29258.904853,9.70097594140583,11.25454326156331,4.672229496015991,-0.7662526866558078,-0.0588600939407327,-0.033322,-0.4369757805575013,-0.48802596397803144,2.0662426409745978
20,2013,CZE,Czech Republic,0.9991896,16205.14,136.20139,77220.0,12.249457394457,110.26,102.03872,30828.526409,9.693083754847184,11.254413769818226,4.62535234909458,-0.6728000133512801,-0.0585301439802412,-0.0143713999999999,-0.4370506784018074,-0.5204174947431803,2.0632147491645867
21,2014,CZE,Czech Republic,0.9957644,16720.37,136.23547,77220.0,12.24761978762,102.13,107.97657,32504.217576,9.724383015580448,11.254413769818226,4.681914259143925,-0.5730321307108267,-0.0582808712102667,-0.0034252,-0.4370506784018074,-0.48133391202065473,2.0626782145445626
22,2015,CZE,Czech Republic,0.9926932,17480.41,136.32126,77210.0,12.261226525062,54.91,104.87653,33909.309243,9.768836104312028,11.254284261302862,4.652783753477141,-0.4893752950760683,-0.0576533738236436,-0.0030711999999999,-0.4371255859460207,-0.5014627324049649,2.06665103699832
23,2016,CZE,Czech Republic,0.9859545,18158.64,136.37027,77210.0,12.255779044165,42.8,98.47254,36101.285601,9.806901759483056,11.254284261302862,4.5897777275853056,-0.3588686454366169,-0.0572948979299682,-0.0067387,-0.4371255859460207,-0.5449991197513758,2.0650605106494235
24,2017,CZE,Czech Republic,0.962371,18659.93,136.4186,77210.0,12.184950135993,53.69,115.29597,38842.896268,9.834133723054537,11.254284261302862,4.747502474365815,-0.1956376774290912,-0.0569413957887456,-0.0235834999999999,-0.4371255859460207,-0.436013263672478,2.0443802647080056
25,2018,CZE,Czech Republic,0.9421199,18848.15,136.46112,77210.0,12.182359797954,71.51,116.113846,41157.370409,9.84417004482372,11.254284261302862,4.754571140852285,-0.0578377122439475,-0.0566303899736247,-0.0202510999999999,-0.4371255859460207,-0.43112890225114564,2.0436239516558845
26,2019,CZE,Czech Republic,0.9160324,19018.74,136.49063,77205.5,12.170117413915,64.39,117.60352,44223.295751,9.853180087848232,11.254225976998484,4.767318966989363,0.1247024155128083,-0.0564145437458679,-0.0260875,-0.43715929750618243,-0.42232031150648724,2.040049485814607
27,2010,DNK,Denmark,0.6231377,13556.7,138.77126,40000.0,6.5675,80.4,93.889694,43006.150516,9.514636169044987,10.596634733096073,4.542120625132117,0.052235599817129,-0.0397332363108012,NaN,-0.8175091535625325,-0.5779295901760859,0.40422720610256696
28,2011,DNK,Denmark,0.6111673,13260.54,139.4004,40000.0,6.59,112.77,90.32733,44407.94207,9.492547986892555,10.596634733096073,4.503440072438614,0.1356959521780187,-0.0351314912843404,-0.0119704,-0.8175091535625325,-0.6046573753521999,0.410796635812707
29,2012,DNK,Denmark,0.6076128,12678.11,140.02388,40000.0,6.59,107.9,83.77038,44808.549212,9.44763216325386,10.596634733096073,4.428079484385584,0.1595474393225968,-0.0305711454327049,-0.0035545,-0.8175091535625325,-0.6567306128828845,0.410796635812707
30,2013,DNK,Denmark,0.6138982,12466.28,140.63483,40000.0,6.59,107.25,83.788956,46742.939663,9.430782678210726,10.596634733096073,4.428301208826841,0.2747178497757908,-0.0261024482843494,0.0062853999999999,-0.8175091535625325,-0.656577404026714,0.410796635812707
31,2014,DNK,Denmark,0.6241634,12574.42,141.26636,40000.0,6.5825,100.19,83.83874,47905.477079,9.439419870643793,10.596634733096073,4.428895191833847,0.343933406179463,-0.0214832219808861,0.0102652,-0.8175091535625325,-0.6561669690896719,0.4086068259093269
32,2015,DNK,Denmark,0.6254624,12754.2,141.94487,40000.0,6.4325,52.43,84.774925,49058.142344,9.453615908107135,10.596634733096073,4.439999803316531,0.412561191028464,-0.0165203678976865,0.0012989999999999,-0.8175091535625325,-0.6484938194186947,0.3648106278417271
33,2016,DNK,Denmark,0.6276244,13051.36,142.6714,40000.0,6.4,44.69,85.293076,51967.020438,9.476647621880266,10.596634733096073,4.446093278870039,0.585750985193905,-0.0112062791192354,0.0021619999999999,-0.8175091535625325,-0.6442833029128788,0.3553214515937472
34,2010,FIN,Finland,0.7516333,12668.07,17.645847,303900.0,1.9476801579467,79.1,117.16832,38954.131777,9.446839933377396,12.624453978904883,4.7636115334361095,-0.189014899064011,-0.925685912743374,NaN,0.355378663000515,-0.42488210239792684,-0.9446430928253975
35,2011,FIN,Finland,0.7274724,12490.35,17.727753,303890.0,1.9559709105268,109.23,114.58838,40916.647325,9.432711625144938,12.624421072802445,4.741346402979143,-0.0721699668182539,-0.9250868242604648,-0.0241608999999999,0.35535963015687255,-0.44026703312752086,-0.9422224032112141
36,2012,FIN,Finland,0.7339843,12182.09,17.812283,303890.0,1.9559709105268,110.47,110.05728,40872.854802,9.407722119318572,12.624421072802445,4.701000957533745,-0.0747773012610408,-0.9244685429445626,0.0065119,0.35535963015687255,-0.4681452386755069,-0.9422224032112141
37,2013,FIN,Finland,0.7232919,11959.58,17.894562,303890.0,1.9559709105268,107.57,114.501656,41492.918416,9.389287909831149,12.624421072802445,4.740589285771804,-0.0378597384729526,-0.9238667262121466,-0.0106924,0.35535963015687255,-0.4407901917863751,-0.9422224032112141
38,2014,FIN,Finland,0.7401621,10837.22,17.968796,303890.0,1.9559709105268,97.53,108.04683,41749.864733,9.290741784538197,12.624421072802445,4.6825647442532,-0.0225615794182341,-0.9233237533598494,0.0168702,0.35535963015687255,-0.4808844348273292,-0.9422224032112141
39,2015,FIN,Finland,0.7509609,10845.43,18.028088,303910.0,1.9489322496792,49.28,108.589935,42490.211049,9.291499072083065,12.624486883924549,4.6875787236468085,0.021517416653707,-0.922890071403355,0.0107987999999999,0.35539769521788306,-0.4774198368632896,-0.944277513775295
40,2016,FIN,Finland,0.7482916,12056.82,18.07994,303910.0,1.9499193840282,42.19,114.29884,44934.488245,9.397385753919034,12.624486883924549,4.738816422017858,0.1670456412058776,-0.9225108081501648,-0.0026693,0.35539769521788306,-0.4420152187899308,-0.9439892955655075
41,2017,FIN,Finland,0.7657956,11457.94,18.122478,303920.0,1.9498552250592,53.04,110.74291,47570.270354,9.34643821843884,12.624519787861509,4.707211388817311,0.3239757517747057,-0.9221996706768908,0.017504,0.3554167268090158,-0.4638539072016928,-0.9440080283582684
42,2018,FIN,Finland,0.7575304,11653.47,18.146559,303920.0,1.9498552250592,68.49,110.148224,49573.255773,9.36335926872138,12.624519787861509,4.7018269496503695,0.4432301932545724,-0.922023534010994,-0.0082651999999999,0.3554167268090158,-0.4675744883032144,-0.9440080283582684
43,2019,FIN,Finland,0.7496915,11244.4,18.166542,303930.0,1.9488040009213,63.58,109.32646,51811.599332,9.3276255059223,12.624552690715833,4.694338451886235,0.5764974694097178,-0.921877371517966,-0.0078389,0.3554357577739533,-0.47274894796302186,-0.9443149591619812
44,2010,FRA,France,0.7913744,134851.99,114.04213,547557.0,5.4659149641042,79.78,980.4591,35910.195851,11.81193308559655,13.213221844842806,6.888020931354848,-0.3702458133344019,-0.2206105465854753,NaN,0.6959211734681978,1.0430586083671938,0.08259229663325583
45,2011,FRA,France,0.7814038,135735.13,114.646095,547557.0,5.4918483372507,111.78,959.38947,37447.949543,11.81846069220144,13.213221844842806,6.866297113397975,-0.2786904999838838,-0.216192940114886,-0.0099706,0.6959211734681978,1.028047717903526,0.09016418427915661
46,2012,FRA,France,0.7570186,134135.69,115.186935,547557.0,5.370399793994,112.01,927.1686,37684.198067,11.806607178527718,13.213221844842806,6.832135426050888,-0.2646246533167981,-0.2122370514730714,-0.0243851999999999,0.6959211734681978,1.0044424129870877,0.05470428790921049
47,2013,FRA,France,0.7623506,133748.88,115.668655,547557.0,5.475046433522,109.56,915.1279,39528.473644,11.803719290891417,13.213221844842806,6.819063836927774,-0.1548195335272095,-0.2087135867209546,0.005332,0.6959211734681978,0.9954101060094345,0.08525845425505735
48,2014,FRA,France,0.7584992,133367.18,116.13128,547557.0,5.37341317890195,99.4,885.4536,40144.059485,11.80086135520755,13.213221844842806,6.786100056075833,-0.1181685699430511,-0.2053297893263102,-0.0038513999999999,0.6959211734681978,0.9726325397170288,0.055584119924427154
49,2015,FRA,France,0.7798592,134939.17,116.53539,547557.0,5.2717799242819,53.14,885.4328,40829.893311,11.812579363280626,13.213221844842806,6.786076565015084,-0.0773351574320086,-0.2023739906445491,0.0213599999999999,0.6959211734681978,0.9726163076835769,0.02590978559379696
50,2016,FRA,France,0.7995449,135244.9,116.863304,547557.0,5.339471507076,43.48,879.3369,42855.944562,11.81484248804952,13.213221844842806,6.779168100704033,0.043292585563853,-0.1999755155537793,0.0196857,0.6959211734681978,0.9678426439909783,0.04567401204419527
51,2017,FRA,France,0.8056509,135382.68,117.145966,547557.0,5.341570284007,54.47,883.0668,44444.934559,11.815860713996072,13.213221844842806,6.783400848931681,0.1378984238349757,-0.1979080290600426,0.0061059999999999,0.6959211734681978,0.9707674208479581,0.04628680171199375
52,2018,FRA,France,0.8291613,132743.22,117.390175,547557.0,5.1576365565594,71.59,880.2211,46336.933985,11.796171864353564,13.213221844842806,6.780173125914256,0.2505449427200235,-0.1961218009531554,0.0235104,0.6959211734681978,0.9685371040243774,-0.007417184678719972
53,2019,FRA,France,0.8202252,132123.08,117.612885,547557.0,5.1422956879375,64.98,872.8093,50226.680167,11.79148919137348,13.213221844842806,6.771717089824146,0.4821340017479435,-0.1944928238815288,-0.0089361,0.6959211734681978,0.9626940873061626,-0.011896329483345012
54,2010,DEU,Germany,0.9019244,153867.65,232.76306,348570.0,10.86639699343,78.49,1357.6443,39675.00238,11.943848096302052,12.761594349845018,7.213506344501363,-0.1460954547562542,0.6477549192318762,NaN,0.4347004618083097,1.2679650172665626,1.6593961674123685
55,2011,DEU,Germany,0.8835884,156009.17,233.0444,348560.0,10.857815010328,110.63,1313.2709,42541.513126,11.95767006655536,12.761565660791325,7.180276174422834,0.0245718575304891,0.6498127361656978,-0.0183359999999999,0.43468386809976567,1.2450033793018127,1.656890445867382
56,2012,DEU,Germany,0.8661911,154538.98,233.3941,348540.0,10.885694611809,112.21,1305.3893,43359.541048,11.948201641232844,12.761508280214631,7.1742565894462125,0.0732758880379854,0.6523705615078371,-0.0173973,0.4346506792544332,1.2408439202739299,1.665030582857433
57,2013,DEU,Germany,0.8533505,158913.81,233.78056,348880.0,10.851868837423,109.62,1334.2625,44993.667838,11.976117258754645,12.762483302516648,7.196133983729285,0.1705690963659977,0.6551972620560873,-0.0128405999999999,0.43521463079068384,1.255960930086184,1.6551543140921048
58,2014,DEU,Germany,0.8456818,159809.74,234.2907,348900.0,10.826884494124,99.76,1298.318,47011.280402,11.98173926164585,12.762540627174866,7.168824859554163,0.2906944138846379,0.658928600403353,-0.0076686999999999,0.43524778729284846,1.2370906618642132,1.6478595191073586
59,2015,DEU,Germany,0.8413538,162767.54,234.90436,348860.0,11.026199621625,52.65,1296.5422,47609.557159,12.00007832692121,12.762425974572126,7.167456153619851,0.3263148232144484,0.6634171194181002,-0.0043279999999999,0.4351814723877263,1.236144902932808,1.7060544844533772
60,2016,DEU,Germany,0.8372371,165683.52,235.64336,349360.0,11.05535836959,42.8,1323.3187,50579.483717,12.017834741618763,12.763858188159444,7.187898027017479,0.5031393420306353,0.6688224180393209,-0.0041167,0.43600986272416936,1.250269985505914,1.7145680997952326
61,2017,DEU,Germany,0.8247863,168699.2,236.48178,349370.0,11.046741277156,54.02,1352.0428,53071.478374,12.035872526376997,12.763886811518969,7.209371912906577,0.651508585347302,0.6749549085264706,-0.0124507999999999,0.43602641843529827,1.2651081759911447,1.712052127215191
62,2018,DEU,Germany,0.8107434,163180.57,237.26122,349380.0,10.99547770336,70.5,1286.6825,55195.722049,12.002612658051822,12.76391543405922,7.159822479414534,0.7779825429838682,0.6806559991317809,-0.0140428999999999,0.4360429736725605,1.2308701281414332,1.6970844630043733
63,2019,DEU,Germany,0.7991893,164868.36,237.9809,349390.0,10.988866309854,64.43,1294.7367,57411.520685,12.012902616274598,12.763944055780248,7.16606263299791,0.9099075316839637,0.6859199846686143,-0.0115541,0.43605952843598583,1.235181997358091,1.695154103674429
64,2010,HUN,Hungary,1.036743,11772.7,109.43274,90530.0,8.7293714790677,NaN,79.04674,21741.545922,9.37353857071836,11.413436566469484,4.370039323083406,-1.213823813343123,-0.2543252007284629,NaN,-0.3450721151577993,-0.6968356490017755,1.035438882728862
65,2011,HUN,Hungary,0.9971767,11145.99,109.06473,90530.0,8.7019772451121,NaN,77.140785,23029.447178,9.318835070946234,11.413436566469484,4.345632129031129,-1.137144301096759,-0.2570169516697286,-0.0395662999999999,-0.3450721151577993,-0.7137007192749449,1.0274404607539982
66,2012,HUN,Hungary,0.9438301,10817.32,108.723785,90530.0,8.7206450900254,NaN,72.01762,23267.448393,9.288903832256416,11.413436566469484,4.276910811298679,-1.1229741021042348,-0.2595107399490412,-0.0533466,-0.3450721151577993,-0.7611863028426501,1.032890998309452
67,2013,HUN,Hungary,0.9277504,10091.59,108.42249,90530.0,8.7206450900254,NaN,70.43605,24547.980456,9.219457682697076,11.413436566469484,4.254705205962553,-1.0467333394299023,-0.2617145145743196,-0.0160797,-0.3450721151577993,-0.7765301024473857,1.032890998309452
68,2014,HUN,Hungary,0.9298661,11255.49,108.129585,91260.0,8.6508875739645,NaN,78.38166,25691.527335,9.32861128859929,11.421467854481394,4.361589971419377,-0.9786484482132332,-0.2638569218715436,0.0021157,-0.3404268294007242,-0.7026740468639529,1.012523571708739
69,2015,HUN,Hungary,0.9304399,12276.14,107.87037,91260.0,8.6522024983563,NaN,83.99389,26798.854228,9.41541282004084,11.421467854481394,4.430744058102532,-0.9127200351016292,-0.2657529089921116,0.0005737999999999,-0.3404268294007242,-0.6548894252851575,1.0129074963027866
70,2016,HUN,Hungary,0.9228016,12304.53,107.55102,91260.0,8.4907955292571,NaN,83.43875,27941.926751,9.417722766240333,11.421467854481394,4.424112829755758,-0.8446633862572237,-0.2680887440593468,-0.0076382999999999,-0.3404268294007242,-0.6594715223433544,0.9657807523817235
71,2017,HUN,Hungary,0.9024531,13100.31,107.2643,91260.0,8.4940828402367,NaN,90.39909,29496.163748,9.48039117303139,11.421467854481394,4.504234200975783,-0.7521266841692389,-0.2701859121522781,-0.0203484999999999,-0.3404268294007242,-0.6041086423205944,0.9667405638668725
72,2018,HUN,Hungary,0.8759531,13925.11,107.126465,91260.0,8.3143765066842,NaN,96.88958,31908.863431,9.541448964225683,11.421467854481394,4.573571979574843,-0.6084785325524061,-0.271194084460067,-0.0264999999999999,-0.3404268294007242,-0.5561970918918987,0.914270869345089
73,2019,HUN,Hungary,0.8476262,14764.13,107.07648,91260.0,8.3143765066842,NaN,97.93139,34645.565383,9.599955869312966,11.421467854481394,4.584267131443879,-0.445539821323265,-0.2715596918370382,-0.0283269,-0.3404268294007242,-0.5488068737673906,0.914270869345089
74,2010,ITA,Italy,0.8209842,115908.96,202.2963,295718.0,5.6485232552635,79.29,853.3912,34838.135774,11.66056033436389,12.59716157649383,6.749218059006335,-0.4340744985074203,0.4249106217744232,NaN,0.33959277560506707,0.9471475343100307,0.13590928922258036
75,2011,ITA,Italy,0.8462846,114909.36,202.98445,295718.0,5.6561994873494,110.23,828.8807,36203.328522,11.65189892265998,12.59716157649383,6.720076236456218,-0.3527931785683136,0.4299439861129793,0.0253004,0.33959277560506707,0.9270108940988175,0.1381505544282266
76,2012,ITA,Italy,0.9855168,107527.49,203.5397,295718.0,5.661339519407,112.18,772.2136,36091.373957,11.585501814789064,12.59716157649383,6.649261195692659,-0.3594587683392377,0.4340052744207368,0.1392321999999999,0.33959277560506707,0.8780785737216054,0.13965131350868304
77,2013,ITA,Italy,0.9890913,104427.92,203.95378,295718.0,5.6647211194449,109.98,706.4804,36267.925352,11.55625235162705,12.59716157649383,6.560295459347682,-0.3489471900703717,0.4370339970906622,0.0035745,0.33959277560506707,0.8166043464036827,0.14063865500898495
78,2014,ITA,Italy,0.9894316,109268.97,203.98825,295718.0,5.654914479335,99.09,671.279,36475.976061,11.601567736328365,12.59716157649383,6.509184847869369,-0.3365601947053867,0.4372861224539551,0.0003402999999999,0.33959277560506707,0.7812875438068678,0.1377753646581125
79,2015,ITA,Italy,0.9863303,106693.81,203.6843,295718.0,5.6553202713396,52.06,710.4441,37206.331822,11.577718422486118,12.59716157649383,6.565890267453923,-0.2930760197665885,0.4350629282510865,-0.0031012999999999,0.33959277560506707,0.8204702898494779,0.13789384563816398
80,2016,ITA,Italy,0.9872585,105609.99,203.29784,295718.0,5.6771315915839,42.33,704.78986,40267.222623,11.567508248052512,12.59716157649383,6.557899687458316,-0.1108356402603023,0.4322362277028364,0.0009282,0.33959277560506707,0.8149488975558514,0.14426219831506543
81,2017,ITA,Italy,0.9752961,101538.28,202.9103,295718.0,5.6767596155797,53.17,713.6949,41951.466331,11.52819114922063,12.59716157649383,6.570455560091885,-0.0105585534636359,0.4294016276653968,-0.0119624,0.33959277560506707,0.8236248507953985,0.14415359075002304
82,2018,ITA,Italy,0.964327,105134.01,202.48221,295718.0,5.6745953915555,70.88,730.3281,43427.663143,11.562991101093656,12.59716157649383,6.593493885223911,0.0773317649877633,0.4262704310662651,-0.0109690999999999,0.33959277560506707,0.839544049515888,0.1435216921898463
83,2019,ITA,Italy,0.9584684,106339.65,201.97667,295717.0,5.6738706263083,64.7,709.052,45799.741922,11.574393495723216,12.597158194888076,6.563928866578928,0.2185614151152813,0.4225727386914724,-0.0058586,0.3395908196890267,0.819114986018985,0.14331007910772048
84,2010,JPN,Japan,0.5592116,224196.78,351.45523,364500.0,5.5254595336077,79.43,2438.675,35342.824721,12.32027942734043,12.80628183043085,7.79921013800466,-0.4040261527108769,1.5159100245778525,NaN,0.46054763809897303,1.6726791198191933,0.0999778016987576
85,2011,JPN,Japan,0.5607123,219248.21,351.18588,364500.0,5.5109465020576,109.3,2438.1338,36215.006272,12.29795974600498,12.80628183043085,7.798988189585348,-0.352097904633326,1.5139399066027162,0.0015007,0.46054763809897303,1.6725257561969473,0.0957403643365608
86,2012,JPN,Japan,0.5616316,220022.87,350.7646,364500.0,5.3320713305898,114.75,2602.7302,37628.675989,12.301486774477054,12.80628183043085,7.864316249987534,-0.2679303460786538,1.510858520671528,0.0009192999999999,0.46054763809897303,1.7176666407710988,0.04351334807669641
87,2013,JPN,Japan,0.5615698,217040.88,350.2851,364500.0,5.3320987654321,110.61,2488.5225,39436.682585,12.28784100187675,12.80628183043085,7.819444439849054,-0.1602846214754558,1.507351293758301,-6.180000000000074e-05,0.46054763809897303,1.6866607730073195,0.04352135835527863
88,2014,JPN,Japan,0.5483032,212000.16,349.73038,364500.0,NaN,104.16,2363.3672,39559.763471,12.264342308370846,12.80628183043085,7.767842660797703,-0.1529565889408482,1.5032938820517197,-0.0132666,0.46054763809897303,1.651004579671141,NaN
89,2015,JPN,Japan,0.5446123,210678.43,349.11093,364500.0,NaN,54.2,2268.3572,40908.781547,12.258088221509563,12.80628183043085,7.726811148037343,-0.0726382822404714,1.4987630129977072,-0.0036908999999999,0.46054763809897303,1.6226523100642474,NaN
90,2016,JPN,Japan,0.5471356,208827.64,348.40564,364500.0,NaN,41.79,2201.7234,40642.704531,12.249264501708687,12.80628183043085,7.696995696313623,-0.0884800680231911,1.4936042808399796,0.0025233,0.46054763809897303,1.6020502003965067,NaN
91,2017,JPN,Japan,0.5452173,206987.36,347.49646,364500.0,NaN,54.42,2169.7593,41531.221619,12.240413007581164,12.80628183043085,7.682371518723257,-0.0355792290706746,1.4869542275240917,-0.0019183,0.46054763809897303,1.5919450739235264,NaN
92,2018,JPN,Japan,0.5399268,204723.11,346.38098,364500.0,NaN,72.85,2099.697,42264.585123,12.229413662199327,12.80628183043085,7.649548327587044,0.0080840219153962,1.4787952254862038,-0.0052904999999999,0.46054763809897303,1.56926465339193,NaN
93,2019,JPN,Japan,0.5373633,200693.27,345.10748,364500.0,NaN,66.78,2033.9596,42427.125075,12.209533001586424,12.80628183043085,7.61773971407103,0.0177613820249883,1.469480411150447,-0.0025635,0.46054763809897303,1.5472852934912937,NaN
94,2010,KOR,Republic of Korea,0.9785297,85444.87,500.13358,97200.0,3.7225308641975,78.72,1273.9985,31736.700156,11.355626651633306,11.48452599044853,7.149915658737381,-0.6187288494087917,2.6033943009788643,NaN,-0.3039540917226032,1.22402463715439,-0.4264316723495328
95,2011,KOR,Republic of Korea,0.9406601,85115.57,503.78976,97190.0,3.7423603251363,108.63,1286.9058,32546.517725,11.351765259048197,11.484423104497516,7.15999601144416,-0.570513649749528,2.630136851334662,-0.0378695999999999,-0.30401360081281875,1.2309900366351345,-0.4206419723572034
96,2012,KOR,Republic of Korea,0.9205262,86480.88,508.547,97310.0,3.7510019525229,113.24,1332.9854,33557.030447,11.3676786280245,11.485657037816036,7.195176367380543,-0.5103493923728698,2.664932930918986,-0.0201339,-0.303299895506621,1.2552992289917573,-0.41811883619287044
97,2013,KOR,Republic of Korea,0.9087006,88405.29,513.3015,97426.0,3.7629585531583,108.59,1335.0175,34244.239492,11.389687088464257,11.48684839446011,7.1966996793626645,-0.4694341015954145,2.699708969206663,-0.0118255999999999,-0.3026108164893947,1.2563518187966902,-0.41462781186191605
98,2014,KOR,Republic of Korea,0.8972631,88716.98,518.01276,97430.0,3.7650620958637,101.24,1329.7903,35324.260296,11.393206581769505,11.486889450419389,7.192776539611776,-0.405131447893642,2.734168735353092,-0.0114374999999999,-0.30258706977995026,1.2536409775812483,-0.414013630708787
99,2015,KOR,Republic of Korea,0.8909709,94191.93,522.4836,97445.0,4.0474113602545,53.32,1393.7766,37902.361018,11.453089788104863,11.487043395256125,7.239772320228102,-0.2516355917758038,2.7668699874338745,-0.0062921999999999,-0.3024980283016214,1.286114482767432,-0.33157480199211603
100,2016,KOR,Republic of Korea,0.8823972,98774.94,525.71704,97489.0,4.1758557375704,41.0,1519.5149,39575.302078,11.500599207838253,11.487494830108403,7.32614641816596,-0.1520314459609829,2.790520472919394,-0.0085737,-0.302236919014241,1.345797919887797,-0.2940722993948049
101,2017,KOR,Republic of Korea,0.8655661,98329.84,527.7832,97510.0,4.1749564147267,53.47,1504.5675,40957.347064,11.496082820599076,11.487710215829164,7.316260760467466,-0.0697467716233308,2.8056330734596124,-0.0168310999999999,-0.30211234021449623,1.3389670522581745,-0.2943348788707342
102,2018,KOR,Republic of Korea,0.8338947,98102.18,529.47644,97520.0,4.3068088597211,71.56,1499.6987,43044.340145,11.493764867528766,11.487812764155152,7.313019500247224,0.0545093472111526,2.8180180096401206,-0.0316714,-0.30205302640612397,1.3367273813942921,-0.2558373068929204
103,2019,KOR,Republic of Korea,0.7883548,100988.8,530.777,97600.0,4.2101946721311,65.42,1486.9946,43410.152957,11.522764898585416,11.488632772401184,7.304512314980797,0.0762892374526996,2.827530750066121,-0.0455398999999999,-0.30157873478312036,1.3308490212256525,-0.2840462008651331
104,2010,LTU,Lithuania,1.048875,4382.36,50.12809,62675.0,2.8193059433586,NaN,31.254553,20096.631145,8.385342671048393,11.045717923026494,3.442165061569779,-1.3117593205876292,-0.6880996836472287,NaN,-0.5577600643962678,-1.337985327722541,-0.6901504559005511
105,2011,LTU,Lithuania,1.007272,4353.67,49.501755,62674.0,2.8193509270192,NaN,30.434248,22884.945082,8.378774446547277,11.045701967574116,3.41556855324569,-1.145747717071576,-0.692680911944823,-0.041603,-0.5577692930076149,-1.3563631871743882,-0.6901373218118215
106,2012,LTU,Lithuania,0.9761809,4367.03,48.919514,62674.0,2.8193509270192,NaN,30.9647,24703.697943,8.381838423166567,11.045701967574116,3.4328478459852683,-1.0374621776108093,-0.6969396216532373,-0.0310910999999999,-0.5577692930076149,-1.3444234088574099,-0.6901373218118215
107,2013,LTU,Lithuania,0.9660614,4357.83,48.358208,62675.0,2.8193059433586,NaN,30.099901,26721.601926,8.379729506024109,11.045717923026494,3.4045218827128765,-0.9173195094865416,-0.7010452056151897,-0.0101195,-0.5577600643962678,-1.3639963003631232,-0.6901504559005511
108,2014,LTU,Lithuania,0.9650599,4832.96,47.82702,62650.0,2.8204309656824,NaN,29.46794,28184.499091,8.483214395377976,11.045318960324217,3.383302892711531,-0.8302210300369738,-0.7049304962295453,-0.0010014999999999,-0.557990823865452,-1.3786583609314906,-0.6898219778970605
109,2015,LTU,Lithuania,0.9736683,5085.41,47.329353,62650.0,2.9960095770152,NaN,32.235332,28834.457574,8.534130934534161,11.045318960324217,3.4730631180735907,-0.7915235761563739,-0.7085706027910162,0.0086084,-0.557990823865452,-1.3166351514947852,-0.6385574736412907
110,2016,LTU,Lithuania,0.9649308,5470.33,46.848866,62642.0,3.0506688803039,NaN,35.089043,30925.151813,8.607094222663944,11.045191258635183,3.5578889164959437,-0.667047096491536,-0.712085048959642,-0.0087375,-0.5580646863438415,-1.2580215702569513,-0.6225983424874979
111,2017,LTU,Lithuania,0.9302968,5701.72,46.38218,62641.0,3.050717581137,NaN,36.324562,33761.906595,8.648523162689909,11.04517529477736,3.592494151572226,-0.4981514051231748,-0.7154985498965065,-0.0346339999999999,-0.5580739198168865,-1.2341097793263336,-0.6225841230786145
112,2018,LTU,Lithuania,0.9058575,6069.64,45.929863,62630.0,3.0512533929427,NaN,38.73701,36376.535744,8.711054574222263,11.044999675519458,3.656795473792173,-0.342480706832897,-0.7188069510554438,-0.0244393,-0.5581754977501137,-1.1896783581816337,-0.6224276796121518
113,2010,NZL,New Zealand,0.4243495,13349.43,16.50657,263310.0,NaN,80.62,84.057106,31138.14575,9.499228966287657,12.481087324254274,4.431496401194647,-0.6543657895011865,-0.9340189741740752,NaN,0.272455590399913,-0.6543695654810818,NaN
114,2011,NZL,New Zealand,0.4170027,13332.41,16.639223,263310.0,NaN,112.38,86.09669,32638.103325,9.49795319203007,12.481087324254274,4.455470967024557,-0.565060794490576,-0.9330487047857114,-0.0073467999999999,0.272455590399913,-0.6378034359774553,NaN
115,2012,NZL,New Zealand,0.4172683,13007.11,16.749401,263310.0,NaN,117.7,85.00911,32916.91304,9.47325141001268,12.481087324254274,4.4427584272179175,-0.54846092485294,-0.9322428252302462,0.0002655999999999,0.272455590399913,-0.6465876443026825,NaN
116,2013,NZL,New Zealand,0.4309368,13081.55,16.902666,263310.0,NaN,113.43,86.02264,36084.865782,9.47895811951949,12.481087324254274,4.45461051742173,-0.3598462543225685,-0.9311217926278356,0.0136685,0.272455590399913,-0.6383979960480279,NaN
117,2017,NZL,New Zealand,0.4422119,14803.83,18.025343,263310.0,NaN,55.91,99.15254,41994.487818,9.602641210057245,12.481087324254274,4.596659472388558,-0.0079971252299848,-0.9229101492717112,-0.0103563999999999,0.272455590399913,-0.5402439189093499,NaN
118,2018,NZL,New Zealand,0.449641,15126.26,18.375786,263310.0,NaN,75.68,99.47485,42320.906448,9.624187585214433,12.481087324254274,4.599904848395293,0.0114373005227037,-0.9203468893735832,0.0074291,0.272455590399913,-0.5380014040877277,NaN
119,2019,NZL,New Zealand,0.4825674,14655.0,18.833439,263310.0,NaN,69.27,101.945694,45518.307468,9.592536853144992,12.481087324254274,4.624440259738095,0.2018052728555349,-0.9169994588865774,0.0329263999999999,0.272455590399913,-0.5210477372470743,NaN
120,2010,NOR,Norway,0.5905147,13931.38,13.422861,365244.0,1.0836591429291,81.06,121.60488,58229.713025,9.541899128629447,12.808320902373296,4.800777100305764,0.958621351367443,-0.9565742759412544,NaN,0.4617270344595383,-0.399201153753999,-1.1969153295472614
121,2011,NOR,Norway,0.5938198,13994.47,13.598048,365244.0,1.0705172432675,111.18,119.485565,62461.20278,9.546417530564346,12.808320902373296,4.7831955690961845,1.2105572579264832,-0.955292898336984,0.0033051,0.4617270344595383,-0.4113497751286801,-1.200752431151021
122,2012,NOR,Norway,0.5982879,14137.3,13.777833,365244.0,1.0653152413181,108.23,116.85442,65768.753269,9.556571973551542,12.808320902373296,4.760928886542471,1.4074833475977109,-0.9539778893889244,0.0044680999999999,0.4617270344595383,-0.42673577833799625,-1.202271283869181
123,2013,NOR,Norway,0.5974141,14190.81,13.946957,365123.0,1.0673116804268,109.07,120.905174,67372.928181,9.560349850977378,12.807989562098868,4.795006552403962,1.502993270611571,-0.952740858639242,-0.0008738,0.4615353877080752,-0.40318853123254644,-1.2016883742516171
124,2014,NOR,Norway,0.5967789,14551.57,14.104138,365108.0,1.0698204366927,101.61,114.895226,66335.459647,9.585454170558512,12.807948479208653,4.744020634818325,1.4412241087387525,-0.9515911830741782,-0.0006351999999999,0.4615116254218152,-0.4384191718863656,-1.2009558810094527
125,2015,NOR,Norway,0.5861115,14348.97,14.248067,365190.7,1.066839872976,51.29,114.84809,60721.583813,9.57143344160819,12.808174961880342,4.743610298609359,1.1069832197285705,-0.9505384371672044,-0.0106673999999999,0.46164262268246137,-0.43870270914939613,-1.2018261300687174
126,2016,NOR,Norway,0.5796334,13844.94,14.374984,365145.8,1.066697397776,46.12,111.02129,59263.430471,9.535675101901198,12.808052004859691,4.709721984722522,1.0201671796602274,-0.9496101228436462,-0.0064781,0.46157150451363055,-0.46211911637411,-1.2018677292159101
127,2017,NOR,Norway,0.5947398,13050.18,14.486998,365123.0,1.0667638028829,53.7,110.461266,64589.163172,9.476557205759164,12.807989562098868,4.704664925569775,1.3372525027505489,-0.9487908141565592,0.0151064,0.4615353877080752,-0.4656134819207594,-1.2018483406078133
128,2018,NOR,Norway,0.5880286,13242.83,14.5828705,365108.0,1.0646164970365,72.69,113.587776,70252.735449,9.491211552874097,12.807948479208653,4.732575894863347,1.674452235842811,-0.9480895699183142,-0.0067112,0.4615116254218152,-0.4463273461396388,-1.2024752994888845
129,2019,NOR,Norway,0.5755521,12767.26,14.681596,365094.0,1.065479027319,67.41,109.5812,69915.01766,9.454639360616511,12.807910133654952,4.696665826953758,1.6543450768375707,-0.947367457862794,-0.0124765,0.46148944640716755,-0.4711407604760978,-1.2022234625082733
130,2010,POL,Poland,1.015923,49373.53,126.08159,306280.0,6.6044142614601,77.89,323.04956,20632.568496,10.807169729608326,12.63225499522706,5.777805747984983,-1.2798504964616837,-0.132549820552674,NaN,0.3598907599342043,0.2759135999828316,0.41500523481207174
131,2011,POL,Poland,0.9757812,49968.79,126.158325,306230.0,6.6054926035986,109.58,321.77057,22386.227115,10.819153889516356,12.632091732586089,5.773838776056628,-1.1754405605872578,-0.13198855453143,-0.0401417999999998,0.3597963290509337,0.273172471272989,0.41532008338462106
132,2012,POL,Poland,0.9446124,48023.98,126.174736,306220.0,6.561948925609,109.97,309.68506,23300.922905,10.779455748473154,12.632059076859086,5.735555845583077,-1.1209810849836388,-0.1318685188674613,-0.0311687999999999,0.35977744102409337,0.2467194381501963,0.40260643307912564
133,2013,POL,Poland,0.9375651,45167.85,126.11424,306210.0,6.312008099017,107.71,287.97726,24028.186721,10.71814082955258,12.632026420065651,5.662881518685239,-1.0776809993400314,-0.1323110072915335,-0.0070472999999999,0.3597585523804301,0.19650237396976875,0.32963004676843977
134,2014,POL,Poland,0.9376455,45540.03,126.03104,306190.0,6.2836800679317,96.28,289.08633,25005.655694,10.72634699837904,12.631961103279217,5.666725363227762,-1.019484112166878,-0.1329195605327859,8.039999999998049e-05,0.35972077324247953,0.19915842317353782,0.3213589796999267
135,2015,POL,Poland,0.9460327,48040.11,125.93718,306190.0,6.2807407165485,49.75,302.29468,26495.814917,10.779791565949832,12.631961103279217,5.711402303218385,-0.930762494840448,-0.1336060846580739,0.0083871999999999,0.35972077324247953,0.23002963806690863,0.32050076359746754
136,2016,POL,Poland,0.9523636,54743.92,125.86845,306190.0,6.2484078513341,40.64,332.21463,27830.927735,10.910421591283905,12.631961103279217,5.805781235944573,-0.8512720842199394,-0.1341087993728729,0.0063309,0.35972077324247953,0.2952443173669824,0.3110603864706484
137,2017,POL,Poland,0.9329951,63216.76,125.87076,306190.0,6.2735556353898,52.63,360.56094,29609.446369,11.054324734851749,12.631961103279217,5.887660985434685,-0.7453820241389749,-0.1340919032432179,-0.0193685,0.35972077324247953,0.3518222151024844,0.31840290201374616
138,2018,POL,Poland,0.9174737,65040.4,125.83368,306170.0,6.2697194369141,69.06,369.8405,31662.210541,11.082763894264282,12.631895782226218,5.913071831615029,-0.6231638379756631,-0.1343631190387184,-0.0155214,0.3596829916367543,0.36938079662620604,0.31728282929195684
139,2019,POL,Poland,0.8984549,66041.58,125.74266,306110.0,6.3241971840188,63.49,376.97665,34592.873746,11.098039822641873,12.63169979346228,5.932183249190354,-0.4486769943058983,-0.1350288704331751,-0.0190188,0.3595696320097159,0.3825865506238754,0.33318895064178394
140,2010,SVK,Slovakia,1.138443,7421.48,112.23852,48091.0,7.5324239462685,78.72,45.787834,25221.414441,8.912133777188185,10.780850328399447,3.824018422645622,-1.0066381929585762,-0.2338027666750824,NaN,-0.7109591108016659,-1.0741293615350085,0.685960541242203
141,2011,SVK,Slovakia,1.095986,7052.64,112.368675,48088.0,7.5363437863916,108.9,45.02674,26260.184756,8.861157293795745,10.780787944718998,3.807256535512426,-0.9447915251964928,-0.2328507685126399,-0.0424570000000001,-0.7109951934352153,-1.0857116189549643,0.6871050352050339
142,2012,SVK,Slovakia,1.057376,6928.59,112.50588,48088.0,7.5515430044918,109.83,41.787235,27000.730262,8.84341160827904,10.780787944718998,3.732590910116776,-0.9007006696811558,-0.2318472042402115,-0.0386099999999998,-0.7109951934352153,-1.1373046458547662,0.6915428216476273
143,2013,SVK,Slovakia,1.042772,6860.61,112.61947,48088.0,7.5513766428215,107.29,41.73799,28021.090416,8.833551638049467,10.780787944718998,3.731411745242788,-0.8399501124782326,-0.2310163681503813,-0.014604,-0.7109951934352153,-1.1381194342495675,0.6914942482565385
144,2014,SVK,Slovakia,1.043567,6607.82,112.71989,48080.0,7.5438893510815,95.63,38.726368,29029.587681,8.796009075120363,10.780621569209089,3.656520711695769,-0.7799058520803747,-0.2302818619426101,0.0007949999999998,-0.7110914247975276,-1.1898682154038254,0.6893081488429721
145,2015,SVK,Slovakia,1.046972,7293.4,112.82132,48082.0,7.542051079406,50.7,42.219574,30062.179649,8.894725108593855,10.780663165681714,3.742883952364533,-0.7184270328876141,-0.2295399682495785,0.0034050000000001,-0.7110673654559195,-1.1301922805225892,0.688771420106957
146,2016,SVK,Slovakia,1.052445,7539.58,112.96184,48080.0,7.5422150582363,42.32,44.01866,29737.53009,8.927921756532765,10.780621569209089,3.784613634926219,-0.737756131076736,-0.228512156933944,0.005473,-0.7110914247975276,-1.101357584187873,0.6888192977691618
147,2017,SVK,Slovakia,1.038817,7682.94,113.13265,48080.0,7.5425145590682,53.71,49.12412,30147.015977,8.946757565387706,10.780621569209089,3.894350156542972,-0.7133760181289078,-0.227262794203916,-0.0136279999999999,-0.7110914247975276,-1.0255310002456237,0.688906744420864
148,2018,SVK,Slovakia,1.012356,7808.66,113.285065,48080.0,7.5428681364393,70.14,49.682873,31374.187996,8.962988653209104,10.780621569209089,3.905660266065848,-0.6403122242853014,-0.2261479787920711,-0.026461,-0.7110914247975276,-1.0177158539616225,0.6890099800513767
149,2019,SVK,Slovakia,1.012356,8123.05,113.434525,48080.0,7.5481572379368,62.88,47.017704,33459.324263,9.00246097839333,10.780621569209089,3.850524211634701,-0.5161666570875905,-0.2250547772603694,0.0,-0.7110914247975276,-1.055814188025544,0.6905542636299375
150,2010,SVN,Slovenia,0.8747259,5299.22,102.167915,20146.2,6.0956905024273,NaN,31.065935,27822.232624,8.575314918898354,9.910770963982388,3.436111881243949,-0.8517897767583246,-0.3074626142005991,NaN,-1.2142117986716108,-1.342168000722667,0.2664707913967751
151,2010,ESP,Spain,0.7036026,91915.84,93.228226,500010.0,3.1179616407672,77.84,817.32007,31690.887692,11.428628654753524,13.122383377204333,6.7060307806869925,-0.6214564478003286,-0.3728505555075552,NaN,0.6433803307926828,0.9173056572715395,-0.6029505620490563
152,2011,ESP,Spain,0.6880234,86718.38,93.54141,499880.0,3.1368654477074,108.5,779.99713,31872.363088,11.370421135687176,13.12212334859972,6.659290240189689,-0.610651702649901,-0.3705598206721178,-0.0155792,0.6432299306113359,0.8850085198617839,-0.5974311295624918
153,2012,ESP,Spain,0.6931993,79535.97,93.59516,500210.0,3.086303752424,109.48,729.0678,31724.785352,11.283964651146697,13.122783289229018,6.59176673179927,-0.6194382371471564,-0.3701666747981115,0.0051759,0.6436116393486202,0.8383506077865059,-0.6121938630375946
154,2013,ESP,Spain,0.6944096,80337.11,93.28964,500210.0,3.1150916615022,106.77,685.2794,32463.123679,11.293986935147764,13.122783289229018,6.52982663831216,-0.575478793421638,-0.3724013525176721,0.0012102999999999,0.6436116393486202,0.7955507665942183,-0.6037885232513218
155,2014,ESP,Spain,0.696207,80611.88,93.01157,500210.0,3.099898042822,97.07,683.49054,33558.976673,11.297401312174154,13.122783289229018,6.527212815541523,-0.51023351729339,-0.3744352515536704,0.0017974,0.6436116393486202,0.7937446472748899,-0.6082246748051993
156,2015,ESP,Spain,0.6951948,83746.19,92.94511,499661.0,3.144331856999,49.51,706.52295,34945.481614,11.335545956115183,13.121685147458388,6.560355685673419,-0.42768330460608,-0.3749213627124882,-0.0010122,0.6429764756838642,0.8166459620524819,-0.5952511272945672
157,2016,ESP,Spain,0.6966066,86596.43,93.02914,499564.0,3.1327317420791,40.08,730.2117,37333.06491,11.369013869682318,13.121490996991168,6.593334492100564,-0.2855305411609556,-0.374306738567507,0.0014117999999999,0.6428641793250776,0.8394339108321648,-0.5986380668321596
158,2017,ESP,Spain,0.6817625,89249.97,93.25103,499547.3,3.1146196651829,51.69,733.9861,39601.479631,11.399196363507375,13.12145756728218,6.598490091105502,-0.150472877719441,-0.3726837592561908,-0.0148440999999999,0.6428448436281385,0.8429963662021807,-0.6039263342132367
159,2018,ESP,Spain,0.6708948,90295.92,93.667145,499603.5,3.1260791120312,69.02,748.05707,40776.768298,11.410847555660052,13.121570062813504,6.617479271855469,-0.0804981329054338,-0.3696401519006168,-0.0108677,0.6429099108861698,0.8561176560600882,-0.6005804661871482
160,2019,ESP,Spain,0.6832061,91425.58,94.346405,499570.0,3.1463055962788,62.84,748.72864,43135.741954,11.423280586995272,13.121503007392173,6.618376621476831,0.0599512598577188,-0.3646718120610359,0.0123113,0.642871126124226,0.8567377135886783,-0.5946748454516877
161,2010,SWE,Sweden,0.6436636,21129.13,23.034868,407339.7,2.7397280451672,79.0,181.97824,42221.760198,9.95840793607574,12.917402760037984,5.203887119489316,0.005534296658364,-0.8862687709557843,NaN,0.5248198284190642,-0.12065709880085851,-0.7133851851738435
162,2011,SWE,Sweden,0.6095231,20749.24,23.245193,407339.7,2.7510208310165,110.67,168.72263,44608.584887,9.940264898482054,12.917402760037984,5.128256124005405,0.1476418938964702,-0.8847303820078706,-0.0341405,0.5248198284190642,-0.17291718453352964,-0.7100879779352374
163,2012,SWE,Sweden,0.6206608,19573.33,23.462732,407339.7,2.733836156898,112.36,166.22845,45432.431014,9.881923204320543,12.917402760037984,5.113363047073888,0.1966923307138223,-0.883139227397909,0.0111377,0.5248198284190642,-0.18320811713708057,-0.7151054672113772
164,2013,SWE,Sweden,0.6195832,19110.55,23.690954,407339.7,2.6898924902238,109.1,164.07562,46312.397402,9.857995817563229,12.917402760037984,5.10032741911236,0.2490840751202232,-0.8814699336740494,-0.0010776,0.5248198284190642,-0.1922155753952964,-0.7279359040745762
165,2014,SWE,Sweden,0.6208115,18688.85,23.932978,407339.7,2.671234844038,97.75,160.58344,47184.673173,9.835682368326475,12.917402760037984,5.078813682871086,0.3010179329008551,-0.879699687404087,0.0012282999999999,0.5248198284190642,-0.2070813019827274,-0.7333834638600996
166,2015,SWE,Sweden,0.6453338,18793.05,24.183018,407310.6,2.6780542732692,51.19,157.47282,49103.131953,9.841242399618164,12.917331318340825,5.059252871944954,0.415239797993247,-0.8778708093699191,0.0245222999999999,0.5247785066413142,-0.2205975812470627,-0.7313923633713155
167,2016,SWE,Sweden,0.6893841,18088.71,24.438314,407310.6,2.6716709389178,42.41,162.5844,50430.25079,9.803043265730569,12.917331318340825,5.091197251551672,0.4942542601968012,-0.87600348715503,0.0440503000000001,0.5247785066413142,-0.19852440865105733,-0.7332561352085529
168,2017,SWE,Sweden,0.6977271,17672.21,24.695797,407310.6,2.6697068360404,54.17,160.91228,51947.95578,9.77974862823442,12.917331318340825,5.080859371782146,0.5846159069650629,-0.8741201684745323,0.0083429999999999,0.5247785066413142,-0.20566775615815744,-0.733829603466178
169,2018,SWE,Sweden,0.7027359,17103.89,24.951416,407310.6,2.6775632475498,71.49,153.67223,53521.635778,9.747061201999992,12.917331318340825,5.034821957577749,0.6783102131988163,-0.8722504837272281,0.0050087999999999,0.5247785066413142,-0.2374790419654969,-0.7315357304357364
170,2019,SWE,Sweden,0.7026491,16951.1,25.210749,407283.6,2.6760223754657,64.8,164.63118,56404.297122,9.738088007458057,12.917265027665026,5.103707699222168,0.8499391053981172,-0.8703536335143229,-8.679999999994248e-05,0.5247401642071172,-0.18987984350113407,-0.7319856260290168
171,2010,CHE,Switzerland,0.5896077,16321.71,197.95624,39513.23,12.966899483753,80.92,137.77156,54349.191874,9.700251402440884,10.584390831519295,4.92559695121226,0.7275815354389001,0.3931659393197352,NaN,-0.8245910091156252,-0.31295217517351226,2.2726896547968556
172,2011,CHE,Switzerland,0.5826976,16142.33,200.19695,39512.63,NaN,112.51,133.62917,57493.56602,9.689200293238724,10.58437564661653,4.895068575593556,0.9147923753321704,0.40955525822847,-0.0069100999999999,-0.8245997920421533,-0.3340469064659496,NaN
173,2012,CHE,Switzerland,0.5867608,16260.05,202.34164,39512.03,NaN,111.3,136.13542,59440.934085,9.696466458127825,10.58436046148318,4.913650125614623,1.0307354514746054,0.4252422540335385,0.0040631999999999,-0.8246085751020517,-0.3212072844176921,NaN
174,2013,CHE,Switzerland,0.588039,16171.88,204.6858,39511.43,NaN,110.35,142.49486,61656.490978,9.69102921050063,10.58434527611924,4.959305928882722,1.1626460471960136,0.4423882416058258,0.0012782,-0.8246173582953232,-0.28965968706400647,NaN
175,2014,CHE,Switzerland,0.6001193,16065.3,207.2018,39510.83,NaN,101.91,127.74399,63417.043081,9.68441694551192,10.5843300905247,4.850028182967378,1.2674664097148234,0.4607911256802384,0.0120803,-0.8246261416219733,-0.3651692626509606,NaN
176,2015,CHE,Switzerland,0.6070633,15329.33,209.57913,39510.23,13.197175930882,54.38,129.33614,65265.050827,9.637523265757467,10.584314904699552,4.862414751750627,1.377493736678454,0.4781797299714241,0.0069439999999999,-0.8246349250820071,-0.3566102962853263,2.3399245407219555
177,2016,CHE,Switzerland,0.612965,15167.3,211.88623,39509.63,NaN,44.73,122.224594,67350.735189,9.62689707364084,10.584299718643797,4.805860286716505,1.501671936546619,0.4950546480350481,0.0059017,-0.8246437086754234,-0.3956887345940927,NaN
178,2017,CHE,Switzerland,0.6097101,14904.91,213.88,39509.63,NaN,56.31,125.23693,68193.502958,9.60944596785174,10.584299718643797,4.830207383222594,1.5518489366565376,0.5096377633693253,-0.0032548999999999,-0.8246437086754234,-0.37886519098464083,NaN
179,2018,CHE,Switzerland,0.6040545,14910.39,215.46779,39509.63,NaN,72.32,120.70854,70688.84449,9.609813564358348,10.584299718643797,4.793378879535921,1.7004174473792688,0.521251402202597,-0.0056555999999999,-0.8246437086754234,-0.4043132331234085,NaN
180,2019,CHE,Switzerland,0.60187,14868.58,217.01556,39509.63,NaN,64.57,123.37561,72668.72555,9.60700554061054,10.584299718643797,4.815233442017005,1.818296293509235,0.5325723210753528,-0.0021845,-0.8246437086754234,-0.38921199980492804,NaN
181,2010,TUR,Turkey,1.853114,45391.99,95.1046,769630.0,1.2465730285982,78.26,381.20822,17345.833613,10.723090936745471,13.553665158862865,5.943345735031294,-1.4755372593539704,-0.3591261146481586,NaN,0.8928331103036774,0.3902996907631107,-1.1493486041824197
182,2011,TUR,Turkey,2.232889,47385.84,96.37599,769630.0,1.2528097917181,109.81,373.02145,19590.858369,10.76607872887601,13.553665158862865,5.921635924692781,-1.341872195771571,-0.3498267335736882,0.3797750000000002,0.8928331103036774,0.37529847939108685,-1.1475276274297541
183,2012,TUR,Turkey,2.119941,62524.97,97.809906,769630.0,1.2528097917181,111.7,391.92316,20627.440729,11.043321275937627,13.553665158862865,5.971065800167788,-1.2801557952341176,-0.3393385817770089,-0.1129480000000002,0.8928331103036774,0.4094539141245708,-1.1475276274297541
184,2013,TUR,Turkey,2.195051,68864.93,99.497314,769630.0,1.262684666658,108.37,419.09512,22373.136543,11.139902328869391,13.553665158862865,6.038097910864188,-1.1762199516091314,-0.3269963028381231,0.07511,0.8928331103036774,0.45577227644972335,-1.1446444142380165
185,2014,TUR,Turkey,2.01731,73559.26,101.49301,769630.0,1.3106297831425,99.71,431.09515,24104.984583,11.20584661885254,13.553665158862865,6.066328831399848,-1.073108581561658,-0.3123991000814582,-0.1777409999999997,0.8928331103036774,0.4752794945957501,-1.1306456554518212
186,2015,TUR,Turkey,1.872837,75797.66,103.48632,769630.0,1.3163468160025,51.42,516.4031,25855.912681,11.235822700441553,13.553665158862865,6.246887662052842,-0.9688612163947948,-0.2978193493444281,-0.144473,0.8928331103036774,0.6000434212020537,-1.1289764267618507
187,2016,TUR,Turkey,1.777647,81841.2,105.270584,769630.0,1.3163468160025,41.28,549.4394,26695.909373,11.312536063274608,13.553665158862865,6.308898485687547,-0.9188492016296512,-0.284768632512096,-0.0951900000000001,0.8928331103036774,0.6428921360545858,-1.1289764267618507
188,2017,TUR,Turkey,1.707156,84770.02,106.661415,769630.0,1.3262216909424,52.01,576.1511,28193.061398,11.347697221534949,13.553665158862865,6.356369952683229,-0.8297112444292613,-0.2745956191336781,-0.070491,0.8928331103036774,0.6756943346661032,-1.1260932135701132
189,2018,TUR,Turkey,1.46748,84616.68,107.59625,769630.0,1.3402544079623,71.16,555.9552,28281.473275,11.345886689280787,13.553665158862865,6.320687715464631,-0.8244473473924644,-0.2677579163778341,-0.239676,0.8928331103036774,0.6510383485291212,-1.121996015876579
190,2019,TUR,Turkey,1.274111,82427.62,108.4699,769630.0,1.3484401595572,65.09,558.26465,28011.322789,11.319675853907304,13.553665158862865,6.324833133098728,-0.8405316608466925,-0.2613677416275914,-0.1933689999999999,0.8928331103036774,0.6539027810223011,-1.1196059838886963
191,2010,GBR,United Kingdom of Great Britain and Northern Ireland,0.9167696,122438.22,259.4141,241930.0,6.6986318356549,80.6,885.20044,36495.793496,11.715361855220907,12.396403707097834,6.785814105239582,-0.335380297378092,0.8426897362360631,NaN,0.22347470463774963,0.972434951213503,0.4425143784179667
192,2011,GBR,United Kingdom of Great Britain and Northern Ireland,0.8980739,120382.27,261.58954,241930.0,6.7001157359567,113.49,867.31134,37208.971903,11.698427541876956,12.396403707097834,6.7653980126654645,-0.2929188337071545,0.8586016480527722,-0.0186956999999999,0.22347470463774963,0.9583276828716961,0.4429476396948349
193,2012,GBR,United Kingdom of Great Britain and Northern Ireland,0.8718607,119413.97,263.74872,241930.0,6.6940850659282,112.62,844.02484,38340.215681,11.690351474771518,12.396403707097834,6.738181925442486,-0.2255664487904848,0.8743946286711307,-0.0262131999999999,0.22347470463774963,0.9395217020369829,0.441186836901178
194,2013,GBR,United Kingdom of Great Britain and Northern Ireland,0.8523282,118372.5,265.78885,241930.0,6.6940850659282,110.27,823.42676,39968.102283,11.681591710941182,12.396403707097834,6.713474608200472,-0.1286447709427299,0.8893168368932023,-0.0195325,0.22347470463774963,0.9224492503387021,0.441186836901178
195,2014,GBR,United Kingdom of Great Britain and Northern Ireland,0.8403477,119993.53,267.73654,241930.0,6.8334228909189,100.07,823.3798,41281.542063,11.69519310364396,12.396403707097834,6.713417576608356,-0.0504447371853502,0.903562907355401,-0.0119804999999999,0.22347470463774963,0.9224098422114605,0.4818699501118532
196,2015,GBR,United Kingdom of Great Britain and Northern Ireland,0.8369863,122628.13,269.60016,241930.0,6.7147935353201,53.81,846.21655,42500.909156,11.716911721516423,12.396403707097834,6.740775296118819,0.0221543642635474,0.9171940610989452,-0.0033614,0.22347470463774963,0.9413136892112176,0.44723318508227444
197,2016,GBR,United Kingdom of Great Britain and Northern Ireland,0.8286993,125350.7,271.38098,241930.0,6.7197123134791,44.62,870.937,44057.689096,11.738870687934629,12.396403707097834,6.769569643582095,0.114842468974988,0.9302195873379736,-0.0082869999999999,0.22347470463774963,0.9612102284200295,0.44866934363228883
198,2017,GBR,United Kingdom of Great Britain and Northern Ireland,0.8079019,125546.17,273.07407,241930.0,6.7350059934692,54.69,882.48535,46061.354379,11.740428858345828,12.396403707097834,6.7827421881030885,0.2341373884337921,0.9426034263672054,-0.0207974,0.22347470463774963,0.9703122943333493,0.4531347105524817
199,2018,GBR,United Kingdom of Great Britain and Northern Ireland,0.7896098,123774.76,274.59595,241930.0,6.7354193361716,72.65,870.8611,47107.7092,11.726218741225525,12.396403707097834,6.7694824922641,0.296435625148076,0.9537349769296726,-0.0182920999999999,0.22347470463774963,0.9611500079334286,0.453255396144909
200,2019,GBR,United Kingdom of Great Britain and Northern Ireland,0.7764252,121898.74,276.02472,241930.0,6.7354193361716,65.58,853.57465,49220.202708,11.71094597907468,12.396403707097834,6.749433001795854,0.4222099972611586,0.9641854891232332,-0.0131845999999999,0.22347470463774963,0.9472960571284337,0.453255396144909
201,2010,USA,United States of America,0.1186205,1707338.19,34.018646,9147420.0,2.1255282910373,76.02,9891.228,48570.289731,14.350446101661408,16.02898243027836,9.199403582732884,0.3835152527325902,-0.8059296639474045,NaN,2.324553159204452,2.6401955328404627,-0.8927159457401388
202,2011,USA,United States of America,0.1149904,1683056.59,34.31313,9147420.0,2.1223033379904,102.43,9694.557,49951.907651,14.336122097087747,16.02898243027836,9.179319872976242,0.4657745002664215,-0.8037757073044118,-0.0036300999999999,2.324553159204452,2.626317936928936,-0.8936575502894771
203,2012,USA,United States of America,0.1126591,1669479.44,34.616463,9147420.0,1.6782502607293,101.16,9472.587,51644.991659,14.328022423225624,16.02898243027836,9.156157327331972,0.5665779239145765,-0.8015570260504595,-0.0023313,2.324553159204452,2.6103129033654944,-1.0233097937845066
204,2013,USA,United States of America,0.1110327,1679496.6,34.914234,9147420.0,1.6870494631273,97.26,9627.553,53116.521969,14.334004663620409,16.02898243027836,9.17238437073753,0.6541904065493019,-0.7993790271658325,-0.0016264,2.324553159204452,2.6215255903615646,-1.0207406497107752
205,2014,USA,United States of America,0.1092602,1712099.04,35.204895,9147420.0,1.6718659469009,89.43,9693.266,54914.368228,14.35323068447784,16.02898243027836,9.179186696600336,0.7612312014796782,-0.7972530332517018,-0.0017724999999999,2.324553159204452,2.6262259136945745,-1.025173851604202
206,2015,USA,United States of America,0.1084496,1721926.75,35.486267,9147420.0,1.658773730735,45.81,9890.718,56520.609227,14.358954425318252,16.02898243027836,9.199352020566035,0.8568641358988621,-0.7951949822589413,-0.0008106,2.324553159204452,2.64015990401867,-1.028996446886506
207,2016,USA,United States of America,0.107639,1761641.57,35.770763,9147420.0,1.6536903301696,37.94,9961.576,57592.691515,14.381756642537704,16.02898243027836,9.20649057099286,0.9206941434781124,-0.7931140812622662,-0.0008105999999999,2.324553159204452,2.645092554381473,-1.0304806710066339
208,2017,USA,United States of America,0.1070552,1783274.96,36.052925,9147420.0,1.6503669887247,48.12,10057.775,59589.233923,14.393962096958072,16.02898243027836,9.216101246229156,1.0395649787315109,-0.7910502519394506,-0.0005837999999999,2.324553159204452,2.6517334125188556,-1.0314510024744148
209,2018,USA,United States of America,0.1061102,1815592.69,36.309696,9147420.0,1.6448604918108,59.19,10299.73,62449.612827,14.411922523339111,16.02898243027836,9.239872960281913,1.2098672112797717,-0.7891721410703444,-0.000945,2.324553159204452,2.6681593739446035,-1.0330587600044132
210,2019,USA,United States of America,0.1055685,1820657.45,36.547974,9147420.0,1.6342164992971,56.33,10283.932,64690.272395,14.414708230086603,16.02898243027836,9.238337956150772,1.3432723787830705,-0.7874292943249219,-0.0005417,2.324553159204452,2.6670987050088035,-1.0361665360334804
